              precision    recall  f1-score   support

           A       1.00      1.00      1.00      1962
           B       1.00      1.00      1.00      1929
           C       1.00      1.00      1.00      1953
           D       1.00      1.00      1.00      1948
           E       1.00      1.00      1.00      1943
           F       1.00      1.00      1.00      1973
           G       1.00      1.00      1.00      1947
           H       1.00      1.00      1.00      1952
           I       0.99      1.00      1.00      1933
           J       1.00      1.00      1.00      1944
           K       1.00      1.00      1.00      1950
           L       0.99      1.00      0.99      1958
           M       0.98      0.99      0.98      1934
           N       0.99      0.98      0.98      1941
           O       0.99      1.00      1.00      1945
           P       0.99      1.00      1.00      1953
           R       1.00      1.00      1.00      1936
           S       1.00      1.00      1.00      1956
           T       1.00      0.99      0.99      1958
           U       1.00      1.00      1.00      1925
           V       1.00      1.00      1.00      1946
           Y       1.00      1.00      1.00      1953
           Z       1.00      1.00      1.00      1957
         del       1.00      1.00      1.00      1000
     nothing       1.00      1.00      1.00      1000
       space       1.00      1.00      1.00      1000

    accuracy                           1.00     47796
   macro avg       1.00      1.00      1.00     47796
weighted avg       1.00      1.00      1.00     47796
